image_width: 640
image_height: 480
camera_name: narrow_stereo
camera_matrix:
  rows: 3
  cols: 3
  data: [813.053021, 0.000000, 291.472290, 0.000000, 757.615250, 249.065708, 0.000000, 0.000000, 1.000000]
distortion_model: plumb_bob
distortion_coefficients:
  rows: 1
  cols: 5
  data: [-0.100059, 0.205452, 0.008195, -0.010209, 0.000000]
rectification_matrix:
  rows: 3
  cols: 3
  data: [1.000000, 0.000000, 0.000000, 0.000000, 1.000000, 0.000000, 0.000000, 0.000000, 1.000000]
projection_matrix:
  rows: 3
  cols: 4
  data: [805.358459, 0.000000, 286.863459, 0.000000, 0.000000, 753.684143, 251.656374, 0.000000, 0.000000, 0.000000, 1.000000, 0.000000]
