<?xml version="1.0"?>
<opencv_storage>
<calibration_time>"Di 12 Sep 2017 13:29:39 CEST"</calibration_time>
<nr_of_frames>25</nr_of_frames>
<image_width>640</image_width>
<image_height>480</image_height>
<board_width>9</board_width>
<board_height>7</board_height>
<square_size>19.</square_size>
<fix_aspect_ratio>1.</fix_aspect_ratio>
<!-- flags: +fix_aspectRatio +fix_principal_point +zero_tangent_dist +fix_k4 +fix_k5 -->
<flags>6158</flags>
<fisheye_model>0</fisheye_model>
<camera_matrix type_id="opencv-matrix">
  <rows>3</rows>
  <cols>3</cols>
  <dt>d</dt>
  <data>
    1.3477167851210974e+04 0. 320. 0. 1.3477167851210974e+04 240. 0. 0.
    1.</data></camera_matrix>
<distortion_coefficients type_id="opencv-matrix">
  <rows>5</rows>
  <cols>1</cols>
  <dt>d</dt>
  <data>
    -5.7575461446658359e+01 -2.5219422176523698e+04 0. 0.
    -5.2402481581830287e+01</data></distortion_coefficients>
<avg_reprojection_error>2.0289980479102643e-01</avg_reprojection_error>
<per_view_reprojection_errors type_id="opencv-matrix">
  <rows>25</rows>
  <cols>1</cols>
  <dt>f</dt>
  <data>
    2.06041545e-01 2.03635275e-01 2.00371712e-01 2.04115793e-01
    2.01612353e-01 2.03589797e-01 2.00636625e-01 2.03262508e-01
    2.21036553e-01 1.99741557e-01 2.02010140e-01 2.00692579e-01
    2.00396910e-01 2.02918395e-01 2.00978011e-01 1.99811459e-01
    2.01054484e-01 2.03824833e-01 2.02122271e-01 2.00092137e-01
    2.02643529e-01 2.02031955e-01 2.04037234e-01 2.02887192e-01
    2.01950997e-01</data></per_view_reprojection_errors>
<!-- a set of 6-tuples (rotation vector + translation vector) for each view -->
<extrinsic_parameters type_id="opencv-matrix">
  <rows>25</rows>
  <cols>6</cols>
  <dt>d</dt>
  <data>
    -2.8306182127910279e-01 -2.9256686492915035e-01
    1.5679553063453473e+00 4.9386855565843909e+01
    -7.2201540771472395e+01 1.2280494462388346e+04
    -2.8286064946090034e-01 -2.9228254912432627e-01
    1.5680071353349643e+00 4.9389630159265586e+01
    -7.2198021296781491e+01 1.2281634480578077e+04
    -2.8283206054402349e-01 -2.9215495961445420e-01
    1.5680445428572951e+00 4.9392034095314415e+01
    -7.2198125133223115e+01 1.2281771437902247e+04
    -2.8280421489269253e-01 -2.9204433693472248e-01
    1.5680275047139240e+00 4.9392871849690039e+01
    -7.2199842993955500e+01 1.2281529849625093e+04
    -2.8273930194881564e-01 -2.9241957220205006e-01
    1.5680100409296316e+00 4.9393386011951740e+01
    -7.2199278475395943e+01 1.2280980287245280e+04
    -2.8304904414898574e-01 -2.9247063745897001e-01
    1.5679225424103638e+00 4.9383874037177584e+01
    -7.2202997797494831e+01 1.2280998101564172e+04
    -2.8275438811265324e-01 -2.9245376027226411e-01
    1.5679676075542748e+00 4.9393012251535524e+01
    -7.2203609401693029e+01 1.2280450997106327e+04
    -2.8283368804401043e-01 -2.9224000859674326e-01
    1.5680344443349350e+00 4.9395622183078643e+01
    -7.2196873691486786e+01 1.2281359042453152e+04
    2.8196759694830881e-01 2.9118905414489055e-01 1.5680631273713239e+00
    4.9333062311058384e+01 -7.2202869057938742e+01
    1.2241996333874309e+04 -2.8290971797343606e-01
    -2.9218082749522495e-01 1.5680195465721509e+00
    4.9394141770699427e+01 -7.2198637308417645e+01
    1.2281208761353631e+04 -2.8297548997544497e-01
    -2.9244640131950744e-01 1.5680011836594481e+00
    4.9392027123932650e+01 -7.2199315816330696e+01
    1.2281292259390515e+04 -2.8252213845493462e-01
    -2.9220804338779122e-01 1.5680425535798281e+00
    4.9401327405905732e+01 -7.2199861323107072e+01
    1.2281400366478760e+04 -2.8277472278097865e-01
    -2.9229800756138508e-01 1.5679731298050921e+00
    4.9392009498650481e+01 -7.2203324981808137e+01
    1.2280751611343554e+04 -2.8281997932870134e-01
    -2.9230803820587026e-01 1.5680025247121014e+00
    4.9392823867305303e+01 -7.2201519691152484e+01
    1.2281012964321637e+04 -2.8264469995643626e-01
    -2.9234655559919354e-01 1.5680031841424156e+00
    4.9396616846239930e+01 -7.2203287882183645e+01
    1.2281161340137995e+04 -2.8271285465229529e-01
    -2.9223966438244198e-01 1.5679930320803137e+00
    4.9391989855276123e+01 -7.2202470426122915e+01
    1.2281087437360595e+04 -2.8284560097946071e-01
    -2.9253287833937885e-01 1.5679444482249487e+00
    4.9388189851627558e+01 -7.2203485611466760e+01
    1.2281224489370876e+04 -2.8270628962405464e-01
    -2.9238536238981622e-01 1.5680468439988524e+00
    4.9400032211803378e+01 -7.2199400365936313e+01
    1.2281462638642177e+04 -2.8284321243814931e-01
    -2.9227533602503386e-01 1.5680136325169272e+00
    4.9393563300552778e+01 -7.2201521890396464e+01
    1.2280412429933183e+04 -2.8284750327908659e-01
    -2.9217782642179752e-01 1.5680416681782610e+00
    4.9396276638454111e+01 -7.2200453176407791e+01
    1.2281217872305993e+04 -2.8304385851286662e-01
    -2.9212801240684405e-01 1.5679862478384692e+00
    4.9387777139862578e+01 -7.2201476647520082e+01
    1.2281357636428675e+04 -2.8266022254620204e-01
    -2.9223639106123755e-01 1.5679854491682599e+00
    4.9393718135794153e+01 -7.2206068846321898e+01
    1.2281416495814410e+04 -2.8294712368861813e-01
    -2.9215515356452132e-01 1.5680194124947082e+00
    4.9396588183510346e+01 -7.2201537639142998e+01
    1.2280760801182616e+04 -2.8269528882099043e-01
    -2.9240790129322863e-01 1.5680061010629325e+00
    4.9396854105158134e+01 -7.2202966069053375e+01
    1.2281049490404610e+04 -2.8299760500636267e-01
    -2.9241596989501206e-01 1.5680318749718221e+00
    4.9392566935990104e+01 -7.2200240492292266e+01
    1.2281006798332714e+04</data></extrinsic_parameters>
